1.0 0.00016784668 9.870529e-05 -0.0001001358 -0.00016784668 0.99999994 0.00024032593 -0.00010442734 -9.870529e-05 -0.00024032593 0.99999994 1.6212463e-05
0.9999987 0.00071716256 0.0014648427 -2.3841858e-05 -0.00071716256 0.9999997 0.00020217881 0.00024223328 -0.0014648427 -0.00020408616 0.9999989 0.00044631958
0.99998903 0.0015993996 0.0043983487 -0.001876831 -0.0015993996 0.9999975 -0.0015455737 4.9591064e-05 -0.0043983487 0.0015455737 0.9999891 -0.009521484
0.9999671 -0.00097654236 0.008056475 -0.0023345947 0.0010070594 0.9999912 -0.004089271 0.0009918213 -0.008056475 0.004089271 0.99995923 -0.026855469
0.9999454 -0.0011291108 0.010375613 -0.0030212402 0.0011901439 0.99998367 -0.005584521 0.0026550293 -0.010375613 0.005584521 0.9999304 -0.044433594
0.99991703 0.00057598785 0.012877715 -0.005004883 -0.0004844401 0.9999738 -0.007232271 0.0030975342 -0.012877715 0.007232271 0.9998908 -0.05493164
0.9998579 0.0006141146 0.016844286 -0.008300781 -0.0004920545 0.9999739 -0.007201542 0.0030212402 -0.016844286 0.007201542 0.99983215 -0.06542969
0.9997693 0.0005111033 0.021481596 -0.010681152 -0.00035090675 0.999972 -0.0074758395 0.0036315918 -0.021481596 0.0074758395 0.99974066 -0.07714844
0.9997292 0.0017926359 0.023189843 -0.012084961 -0.0016095581 0.99996567 -0.008116445 0.0050354004 -0.023189843 0.008116445 0.9996987 -0.08886719
0.9996243 0.0039054437 0.027094016 -0.017944336 -0.0036613534 0.9999552 -0.008726226 0.0058898926 -0.027094016 0.008604181 0.9995938 -0.10253906
0.9994966 0.004271301 0.03148559 -0.022827148 -0.003966208 0.9999528 -0.008847695 0.0069885254 -0.03148559 0.008725658 0.99946606 -0.1171875
0.99935174 0.005277703 0.035632122 -0.028198242 -0.0049116197 0.9999404 -0.009701212 0.008728027 -0.035632122 0.0095791835 0.9993174 -0.13183594
0.9992259 0.006558535 0.038802125 -0.032226562 -0.006131468 0.9999185 -0.011225772 0.0115356445 -0.038802125 0.010981733 0.999184 -0.14550781
0.99921834 0.008907359 0.038557883 -0.033203125 -0.008419285 0.9998966 -0.011652778 0.013122559 -0.038557883 0.0112867225 0.99919164 -0.16015625
0.9991459 0.009334087 0.040264692 -0.034423828 -0.008846031 0.99989325 -0.011652358 0.014221191 -0.040264692 0.011286315 0.99912304 -0.17382812
0.9990925 0.009882907 0.04148381 -0.035888672 -0.009394863 0.99989325 -0.011164025 0.014953613 -0.04148381 0.010797991 0.9990773 -0.18652344
0.9990773 0.010614922 0.04172763 -0.036376953 -0.01012688 0.99989134 -0.010736933 0.016723633 -0.04172763 0.010248891 0.9990773 -0.20117188
0.9990392 0.012993827 0.041970674 -0.036865234 -0.012505796 0.99985605 -0.011407726 0.018188477 -0.041970674 0.010919696 0.99905825 -0.21386719
0.99890965 0.013541992 0.044651974 -0.03857422 -0.013053992 0.99984556 -0.011772993 0.020019531 -0.044651974 0.0111629935 0.9989325 -0.2265625
0.99880296 0.013419237 0.047089323 -0.040771484 -0.012931265 0.99984753 -0.011772331 0.022216797 -0.047089323 0.011162366 0.9988182 -0.24023438
0.9987801 0.012565097 0.04782056 -0.041992188 -0.01195514 0.99984753 -0.012687088 0.024414062 -0.04782056 0.012077132 0.9987801 -0.25390625
0.99861246 0.013234986 0.050988242 -0.041992188 -0.012625079 0.99984753 -0.012015171 0.024414062 -0.050988242 0.011405264 0.9986277 -0.265625
0.9983535 0.013538215 0.05586038 -0.043701172 -0.012928385 0.9998523 -0.011342829 0.024169922 -0.05586038 0.010611033 0.9983763 -0.27734375
0.9980336 0.013475186 0.061217587 -0.045654297 -0.012865449 0.9998609 -0.0106703965 0.023803711 -0.061217587 0.009816765 0.99807173 -0.2890625
0.9978052 0.013900384 0.06486846 -0.046875 -0.013290718 0.9998571 -0.010486255 0.024902344 -0.06486846 0.0096327225 0.99785095 -0.30273438
0.99756163 0.0130453445 0.06876238 -0.049316406 -0.012435748 0.9998847 -0.008656256 0.02331543 -0.06876238 0.0078028226 0.99760735 -0.3125
0.9973029 0.011458979 0.072654806 -0.051513672 -0.010971363 0.9999119 -0.0074970983 0.022338867 -0.072654806 0.006704722 0.99733335 -0.32421875
0.997113 0.010503861 0.07518553 -0.05444336 -0.0100124525 0.9999261 -0.006910435 0.021362305 -0.07518553 0.0061118957 0.9971437 -0.3359375
0.9968983 0.010994135 0.077634566 -0.055908203 -0.010502777 0.9999194 -0.0071554007 0.022094727 -0.077634566 0.006295524 0.99694437 -0.34765625
0.9968921 0.01157856 0.07800293 -0.055664062 -0.011212921 0.9999219 -0.0055150506 0.020629883 -0.07800293 0.004600954 0.99693775 -0.35742188
0.99696815 0.011518087 0.07703102 -0.055419922 -0.011152433 0.9999267 -0.004631612 0.019897461 -0.07703102 0.0037631846 0.9970138 -0.3671875
0.9970746 0.0108483555 0.07557281 -0.05517578 -0.010604572 0.9999367 -0.0037481675 0.01940918 -0.07557281 0.0029253992 0.9971355 -0.37890625
0.99723566 0.011426067 0.07322512 -0.053710938 -0.011180345 0.9999304 -0.0037011856 0.01928711 -0.07322512 0.0028718743 0.99729705 -0.390625
0.9970746 0.010970248 0.07557282 -0.055419922 -0.010726465 0.9999372 -0.0031691827 0.018920898 -0.07557282 0.0023464141 0.9971355 -0.3984375
0.99699855 0.010604187 0.076545164 -0.05834961 -0.010360412 0.9999405 -0.0033976058 0.01965332 -0.076545164 0.002605339 0.99705946 -0.40820312
0.99686164 0.009506518 0.078489706 -0.06201172 -0.009140883 0.9999488 -0.004265745 0.021118164 -0.078489706 0.0035344744 0.9968921 -0.41992188
0.99683124 0.009323535 0.07897582 -0.064453125 -0.008957906 0.99994385 -0.0057281842 0.022338867 -0.07897582 0.004996927 0.9968617 -0.43164062
0.9967095 0.009627677 0.08043375 -0.06982422 -0.009383937 0.99995166 -0.0028639291 0.018676758 -0.08043375 0.0021022458 0.99675524 -0.44335938
0.9966791 0.009932192 0.080919944 -0.072265625 -0.009932192 0.99995047 1.7137601e-05 0.01574707 -0.080919944 -0.00082260487 0.9967248 -0.45898438
0.996607 0.0087204315 0.08155446 -0.075683594 -0.008966078 0.99995756 0.0021494022 0.012329102 -0.08155446 -0.00288634 0.9966531 -0.47265625
0.996653 0.00958037 0.081064664 -0.076171875 -0.00982602 0.9999482 0.0025332707 0.01159668 -0.081064664 -0.003331635 0.9966991 -0.48828125
0.99643844 0.012833865 0.083020985 -0.08203125 -0.013202302 0.9999031 0.004329127 0.008117676 -0.083020985 -0.005434436 0.9965152 -0.5
0.9963159 0.016332904 0.08399779 -0.087890625 -0.016824119 0.99984455 0.005219161 0.0047912598 -0.08399779 -0.0066314046 0.9964387 -0.515625
0.99611676 0.018050304 0.08595383 -0.09326172 -0.018541468 0.99980813 0.006016768 0.0020751953 -0.08595383 -0.0076130535 0.99625486 -0.53515625
0.99600947 0.021119015 0.08644062 -0.096191406 -0.021610156 0.9997525 0.00506488 0.00076293945 -0.08644062 -0.0069066547 0.99622434 -0.55078125
0.9955848 0.02533421 0.09013133 -0.103515625 -0.026065005 0.99963653 0.006881648 -0.0030670166 -0.09013133 -0.009195831 0.9958893 -0.5625
0.99522024 0.030687682 0.09255015 -0.107910156 -0.031418342 0.99947864 0.0072152587 -0.0066223145 -0.09255015 -0.010107451 0.99567693 -0.57421875
0.9948863 0.032630287 0.09545576 -0.11328125 -0.033604324 0.999395 0.008948978 -0.0107421875 -0.09545576 -0.012114602 0.9953733 -0.58984375
0.9947238 0.03484766 0.09619918 -0.115234375 -0.035829283 0.99932516 0.008037048 -0.013244629 -0.09619918 -0.011472734 0.9952759 -0.60546875

552.9288 0.0 280.0 0.0 519.7519 280.0 0.0 0.0 1.0
552.9288 0.0 280.0 0.0 519.7519 280.0 0.0 0.0 1.0
552.9288 0.0 280.0 0.0 522.19196 280.0 0.0 0.0 1.0
550.2596 0.0 280.0 0.0 519.7519 280.0 0.0 0.0 1.0
547.6108 0.0 280.0 0.0 517.3294 280.0 0.0 0.0 1.0
550.2596 0.0 280.0 0.0 519.7519 280.0 0.0 0.0 1.0
550.2596 0.0 280.0 0.0 519.7519 280.0 0.0 0.0 1.0
550.2596 0.0 280.0 0.0 519.7519 280.0 0.0 0.0 1.0
550.2596 0.0 280.0 0.0 519.7519 280.0 0.0 0.0 1.0
550.2596 0.0 280.0 0.0 519.7519 280.0 0.0 0.0 1.0
547.6108 0.0 280.0 0.0 517.3294 280.0 0.0 0.0 1.0
544.9822 0.0 280.0 0.0 514.9244 280.0 0.0 0.0 1.0
544.9822 0.0 280.0 0.0 514.9244 280.0 0.0 0.0 1.0
542.3735 0.0 280.0 0.0 512.53656 280.0 0.0 0.0 1.0
539.7844 0.0 280.0 0.0 507.8118 280.0 0.0 0.0 1.0
537.2148 0.0 280.0 0.0 507.8118 280.0 0.0 0.0 1.0
534.66437 0.0 280.0 0.0 507.8118 280.0 0.0 0.0 1.0
534.66437 0.0 280.0 0.0 503.15344 280.0 0.0 0.0 1.0
532.13293 0.0 280.0 0.0 503.15344 280.0 0.0 0.0 1.0
529.6201 0.0 280.0 0.0 503.15344 280.0 0.0 0.0 1.0
529.6201 0.0 280.0 0.0 503.15344 280.0 0.0 0.0 1.0
529.6201 0.0 280.0 0.0 503.15344 280.0 0.0 0.0 1.0
532.13293 0.0 280.0 0.0 503.15344 280.0 0.0 0.0 1.0
532.13293 0.0 280.0 0.0 503.15344 280.0 0.0 0.0 1.0
529.6201 0.0 280.0 0.0 503.15344 280.0 0.0 0.0 1.0
532.13293 0.0 280.0 0.0 503.15344 280.0 0.0 0.0 1.0
532.13293 0.0 280.0 0.0 503.15344 280.0 0.0 0.0 1.0
532.13293 0.0 280.0 0.0 503.15344 280.0 0.0 0.0 1.0
529.6201 0.0 280.0 0.0 503.15344 280.0 0.0 0.0 1.0
529.6201 0.0 280.0 0.0 503.15344 280.0 0.0 0.0 1.0
529.6201 0.0 280.0 0.0 503.15344 280.0 0.0 0.0 1.0
532.13293 0.0 280.0 0.0 503.15344 280.0 0.0 0.0 1.0
532.13293 0.0 280.0 0.0 503.15344 280.0 0.0 0.0 1.0
532.13293 0.0 280.0 0.0 503.15344 280.0 0.0 0.0 1.0
532.13293 0.0 280.0 0.0 503.15344 280.0 0.0 0.0 1.0
532.13293 0.0 280.0 0.0 503.15344 280.0 0.0 0.0 1.0
534.66437 0.0 280.0 0.0 503.15344 280.0 0.0 0.0 1.0
534.66437 0.0 280.0 0.0 503.15344 280.0 0.0 0.0 1.0
534.66437 0.0 280.0 0.0 507.8118 280.0 0.0 0.0 1.0
537.2148 0.0 280.0 0.0 507.8118 280.0 0.0 0.0 1.0
537.2148 0.0 280.0 0.0 507.8118 280.0 0.0 0.0 1.0
537.2148 0.0 280.0 0.0 507.8118 280.0 0.0 0.0 1.0
537.2148 0.0 280.0 0.0 507.8118 280.0 0.0 0.0 1.0
537.2148 0.0 280.0 0.0 507.8118 280.0 0.0 0.0 1.0
539.7844 0.0 280.0 0.0 507.8118 280.0 0.0 0.0 1.0
539.7844 0.0 280.0 0.0 507.8118 280.0 0.0 0.0 1.0
537.2148 0.0 280.0 0.0 507.8118 280.0 0.0 0.0 1.0
537.2148 0.0 280.0 0.0 507.8118 280.0 0.0 0.0 1.0
534.66437 0.0 280.0 0.0 503.15344 280.0 0.0 0.0 1.0
